2 0 0
2 0 0
0 1 16
0 0 0
0 1 16
0 0 0
0 0 0
0 0 0
0 1 17
0 1 12
0 1 42
0 0 0
0 0 0
0 0 0
0 0 0
0 0 0
0 0 0
0 1 13
0 0 0
0 0 0
0 1 12
0 1 11
2 0 0
2 0 0
2 0 0
2 0 0
2 0 0
2 0 0
2 0 0
2 0 0
2 0 0
0 1 16
0 1 14
0 1 7
0 1 15
0 1 15
1 0 0
1 0 0
1 0 0
1 0 0
1 0 0
1 0 0
1 0 0
1 1 96
0 1 10
2 0 0
2 0 0
2 0 0
2 0 0
2 0 0
2 0 0
2 0 0
2 0 0
2 0 0
2 0 0
1 0 0
1 0 0
1 0 0
2 0 0
2 0 0
2 0 0
2 0 0
2 0 0
2 0 0
2 0 0
2 0 0
2 0 0
2 0 0
2 0 0
2 1 225
2 0 0
2 0 0
2 0 0
2 0 0
2 0 0
2 0 0
0 1 19
0 1 11
0 1 10
0 1 14
0 1 13
0 1 9
0 1 10
0 0 0
0 1 10
0 1 14
0 1 19
0 0 0
0 1 13
0 0 0
0 1 16
0 0 0
0 0 0
2 0 0
0 1 11
0 1 14
0 0 0
0 0 0
0 1 12
0 1 16
0 1 15
0 0 0
0 1 7
0 0 0
0 1 10
0 0 0
0 1 12
0 1 15
0 1 12
0 1 13
0 1 9
0 0 0
0 1 8
1 0 0
1 0 0
0 0 0
0 0 0
2 0 0
2 0 0
0 1 10
0 1 8
2 0 0
2 0 0
2 0 0
2 0 0
2 0 0
2 0 0
2 0 0
2 0 0
2 0 0
2 0 0
2 0 0
2 0 0
2 0 0
2 0 0
2 0 0
2 0 0
2 0 0
2 0 0
2 0 0
2 0 0
2 0 0
2 0 0
2 0 0
2 0 0
2 0 0
2 0 0
2 0 0
2 0 0
2 0 0
2 0 0
2 0 0
2 0 0
2 0 0
2 0 0
2 0 0
2 0 0
2 0 0
2 0 0
2 0 0
2 0 0
2 0 0
1 0 0
0 0 0
0 1 57
0 1 11
2 0 0
2 0 0
1 0 0
0 1 10
0 1 7
0 0 0
0 0 0
0 0 0
0 0 0
0 0 0
0 1 24
0 1 24
0 0 0
2 0 0
2 0 0
2 0 0
2 0 0
0 0 0
0 0 0
0 1 13
0 1 13
1 0 0
1 0 0
1 0 0
1 0 0
1 0 0
1 0 0
1 0 0
1 0 0
1 0 0
1 0 0
1 0 0
1 0 0
1 0 0
1 0 0
0 0 0
0 1 8
0 0 0
0 0 0
0 0 0
0 0 0
0 0 0
0 0 0
0 1 10
0 1 10
0 0 0
